01012206
01012207
01012208
01012209
01012210
01012211
01012212
01012213
01012214
01012215
01012216
01012217
01012218
01012219
01012220
02012206
02012207
02012208
02012209
02012210
02012211
02012212
02012213
02012214
02012215
02012216
02012217
02012218
02012219
02012220
03012206
03012207
03012208
03012209
03012210
03012211
03012212
03012213
03012214
03012215
03012216
03012217
03012218
03012219
03012220
04012206
04012207
04012208
04012209
04012210
04012211
04012212
04012213
04012214
04012215
04012216
04012217
04012218
04012219
04012220
05012206
05012207
05012208
05012209
05012210
05012211
05012212
05012213
05012214
05012215
05012216
05012217
05012218
05012219
05012220
06012206
06012207
06012208
06012209
06012210
06012211
06012212
06012213
06012214
06012215
06012216
06012217
06012218
06012219
06012220
07012206
07012207
07012208
07012209
07012210
07012211
07012212
07012213
07012214
07012215
07012216
07012217
07012218
07012219
07012220
08012206
08012207
08012208
08012209
08012210
08012211
08012212
08012213
08012214
08012215
08012216
08012217
08012218
08012219
08012220
09012206
09012207
09012208
09012209
09012210
09012211
09012212
09012213
09012214
09012215
09012216
09012217
09012218
09012219
09012220
10012206
10012207
10012208
10012209
10012210
10012211
10012212
10012213
10012214
10012215
10012216
10012217
10012218
10012219
10012220
11012206
11012207
11012208
11012209
11012210
11012211
11012212
11012213
11012214
11012215
11012216
11012217
11012218
11012219
11012220
12012206
12012207
12012208
12012209
12012210
12012211
12012212
12012213
12012214
12012215
12012216
12012217
12012218
12012219
12012220
13012206
13012207
13012208
13012209
13012210
13012211
13012212
13012213
13012214
13012215
13012216
13012217
13012218
13012219
13012220
14012206
14012207
14012208
14012209
14012210
14012211
14012212
14012213
14012214
14012215
14012216
14012217
14012218
14012219
14012220
15012206
15012207
15012208
15012209
15012210
15012211
15012212
15012213
15012214
15012215
15012216
15012217
15012218
15012219
15012220
16012206
16012207
16012208
16012209
16012210
16012211
16012212
16012213
16012214
16012215
16012216
16012217
16012218
16012219
16012220
17012206
17012207
17012208
17012209
17012210
17012211
17012212
17012213
17012214
17012215
17012216
17012217
17012218
17012219
17012220
18012206
18012207
18012208
18012209
18012210
18012211
18012212
18012213
18012214
18012215
18012216
18012217
18012218
18012219
18012220
19012206
19012207
19012208
19012209
19012210
19012211
19012212
19012213
19012214
19012215
19012216
19012217
19012218
19012219
19012220
20012206
20012207
20012208
20012209
20012210
20012211
20012212
20012213
20012214
20012215
20012216
20012217
20012218
20012219
20012220
21012206
21012207
21012208
21012209
21012210
21012211
21012212
21012213
21012214
21012215
21012216
21012217
21012218
21012219
21012220
22012206
22012207
22012208
22012209
22012210
22012211
22012212
22012213
22012214
22012215
22012216
22012217
22012218
22012219
22012220
23012206
23012207
23012208
23012209
23012210
23012211
23012212
23012213
23012214
23012215
23012216
23012217
23012218
23012219
23012220
24012206
24012207
24012208
24012209
24012210
24012211
24012212
24012213
24012214
24012215
24012216
24012217
24012218
24012219
24012220
25012206
25012207
25012208
25012209
25012210
25012211
25012212
25012213
25012214
25012215
25012216
25012217
25012218
25012219
25012220
26012206
26012207
26012208
26012209
26012210
26012211
26012212
26012213
26012214
26012215
26012216
26012217
26012218
26012219
26012220
27012206
27012207
27012208
27012209
27012210
27012211
27012212
27012213
27012214
27012215
27012216
27012217
27012218
27012219
27012220
28012206
28012207
28012208
28012209
28012210
28012211
28012212
28012213
28012214
28012215
28012216
28012217
28012218
28012219
28012220
29012206
29012207
29012208
29012209
29012210
29012211
29012212
29012213
29012214
29012215
29012216
29012217
29012218
29012219
29012220
30012206
30012207
30012208
30012209
30012210
30012211
30012212
30012213
30012214
30012215
30012216
30012217
30012218
30012219
30012220
01022206
01022207
01022208
01022209
01022210
01022211
01022212
01022213
01022214
01022215
01022216
01022217
01022218
01022219
01022220
02022206
02022207
02022208
02022209
02022210
02022211
02022212
02022213
02022214
02022215
02022216
02022217
02022218
02022219
02022220
03022206
03022207
03022208
03022209
03022210
03022211
03022212
03022213
03022214
03022215
03022216
03022217
03022218
03022219
03022220
04022206
04022207
04022208
04022209
04022210
04022211
04022212
04022213
04022214
04022215
04022216
04022217
04022218
04022219
04022220
05022206
05022207
05022208
05022209
05022210
05022211
05022212
05022213
05022214
05022215
05022216
05022217
05022218
05022219
05022220
06022206
06022207
06022208
06022209
06022210
06022211
06022212
06022213
06022214
06022215
06022216
06022217
06022218
06022219
06022220
07022206
07022207
07022208
07022209
07022210
07022211
07022212
07022213
07022214
07022215
07022216
07022217
07022218
07022219
07022220
08022206
08022207
08022208
08022209
08022210
08022211
08022212
08022213
08022214
08022215
08022216
08022217
08022218
08022219
08022220
09022206
09022207
09022208
09022209
09022210
09022211
09022212
09022213
09022214
09022215
09022216
09022217
09022218
09022219
09022220
10022206
10022207
10022208
10022209
10022210
10022211
10022212
10022213
10022214
10022215
10022216
10022217
10022218
10022219
10022220
11022206
11022207
11022208
11022209
11022210
11022211
11022212
11022213
11022214
11022215
11022216
11022217
11022218
11022219
11022220
12022206
12022207
12022208
12022209
12022210
12022211
12022212
12022213
12022214
12022215
12022216
12022217
12022218
12022219
12022220
13022206
13022207
13022208
13022209
13022210
13022211
13022212
13022213
13022214
13022215
13022216
13022217
13022218
13022219
13022220
14022206
14022207
14022208
14022209
14022210
14022211
14022212
14022213
14022214
14022215
14022216
14022217
14022218
14022219
14022220
15022206
15022207
15022208
15022209
15022210
15022211
15022212
15022213
15022214
15022215
15022216
15022217
15022218
15022219
15022220
16022206
16022207
16022208
16022209
16022210
16022211
16022212
16022213
16022214
16022215
16022216
16022217
16022218
16022219
16022220
17022206
17022207
17022208
17022209
17022210
17022211
17022212
17022213
17022214
17022215
17022216
17022217
17022218
17022219
17022220
18022206
18022207
18022208
18022209
18022210
18022211
18022212
18022213
18022214
18022215
18022216
18022217
18022218
18022219
18022220
19022206
19022207
19022208
19022209
19022210
19022211
19022212
19022213
19022214
19022215
19022216
19022217
19022218
19022219
19022220
20022206
20022207
20022208
20022209
20022210
20022211
20022212
20022213
20022214
20022215
20022216
20022217
20022218
20022219
20022220
21022206
21022207
21022208
21022209
21022210
21022211
21022212
21022213
21022214
21022215
21022216
21022217
21022218
21022219
21022220
22022206
22022207
22022208
22022209
22022210
22022211
22022212
22022213
22022214
22022215
22022216
22022217
22022218
22022219
22022220
23022206
23022207
23022208
23022209
23022210
23022211
23022212
23022213
23022214
23022215
23022216
23022217
23022218
23022219
23022220
24022206
24022207
24022208
24022209
24022210
24022211
24022212
24022213
24022214
24022215
24022216
24022217
24022218
24022219
24022220
25022206
25022207
25022208
25022209
25022210
25022211
25022212
25022213
25022214
25022215
25022216
25022217
25022218
25022219
25022220
26022206
26022207
26022208
26022209
26022210
26022211
26022212
26022213
26022214
26022215
26022216
26022217
26022218
26022219
26022220
27022206
27022207
27022208
27022209
27022210
27022211
27022212
27022213
27022214
27022215
27022216
27022217
27022218
27022219
27022220
28022206
28022207
28022208
28022209
28022210
28022211
28022212
28022213
28022214
28022215
28022216
28022217
28022218
28022219
28022220
29022206
29022207
29022208
29022209
29022210
29022211
29022212
29022213
29022214
29022215
29022216
29022217
29022218
29022219
29022220
30022206
30022207
30022208
30022209
30022210
30022211
30022212
30022213
30022214
30022215
30022216
30022217
30022218
30022219
30022220
01032206
01032207
01032208
01032209
01032210
01032211
01032212
01032213
01032214
01032215
01032216
01032217
01032218
01032219
01032220
02032206
02032207
02032208
02032209
02032210
02032211
02032212
02032213
02032214
02032215
02032216
02032217
02032218
02032219
02032220
03032206
03032207
03032208
03032209
03032210
03032211
03032212
03032213
03032214
03032215
03032216
03032217
03032218
03032219
03032220
04032206
04032207
04032208
04032209
04032210
04032211
04032212
04032213
04032214
04032215
04032216
04032217
04032218
04032219
04032220
05032206
05032207
05032208
05032209
05032210
05032211
05032212
05032213
05032214
05032215
05032216
05032217
05032218
05032219
05032220
06032206
06032207
06032208
06032209
06032210
06032211
06032212
06032213
06032214
06032215
06032216
06032217
06032218
06032219
06032220
07032206
07032207
07032208
07032209
07032210
07032211
07032212
07032213
07032214
07032215
07032216
07032217
07032218
07032219
07032220
08032206
08032207
08032208
08032209
08032210
08032211
08032212
08032213
08032214
08032215
08032216
08032217
08032218
08032219
08032220
09032206
09032207
09032208
09032209
09032210
09032211
09032212
09032213
09032214
09032215
09032216
09032217
09032218
09032219
09032220
10032206
10032207
10032208
10032209
10032210
10032211
10032212
10032213
10032214
10032215
10032216
10032217
10032218
10032219
10032220
11032206
11032207
11032208
11032209
11032210
11032211
11032212
11032213
11032214
11032215
11032216
11032217
11032218
11032219
11032220
12032206
12032207
12032208
12032209
12032210
12032211
12032212
12032213
12032214
12032215
12032216
12032217
12032218
12032219
12032220
13032206
13032207
13032208
13032209
13032210
13032211
13032212
13032213
13032214
13032215
13032216
13032217
13032218
13032219
13032220
14032206
14032207
14032208
14032209
14032210
14032211
14032212
14032213
14032214
14032215
14032216
14032217
14032218
14032219
14032220
15032206
15032207
15032208
15032209
15032210
15032211
15032212
15032213
15032214
15032215
15032216
15032217
15032218
15032219
15032220
16032206
16032207
16032208
16032209
16032210
16032211
16032212
16032213
16032214
16032215
16032216
16032217
16032218
16032219
16032220
17032206
17032207
17032208
17032209
17032210
17032211
17032212
17032213
17032214
17032215
17032216
17032217
17032218
17032219
17032220
18032206
18032207
18032208
18032209
18032210
18032211
18032212
18032213
18032214
18032215
18032216
18032217
18032218
18032219
18032220
19032206
19032207
19032208
19032209
19032210
19032211
19032212
19032213
19032214
19032215
19032216
19032217
19032218
19032219
19032220
20032206
20032207
20032208
20032209
20032210
20032211
20032212
20032213
20032214
20032215
20032216
20032217
20032218
20032219
20032220
21032206
21032207
21032208
21032209
21032210
21032211
21032212
21032213
21032214
21032215
21032216
21032217
21032218
21032219
21032220
22032206
22032207
22032208
22032209
22032210
22032211
22032212
22032213
22032214
22032215
22032216
22032217
22032218
22032219
22032220
23032206
23032207
23032208
23032209
23032210
23032211
23032212
23032213
23032214
23032215
23032216
23032217
23032218
23032219
23032220
24032206
24032207
24032208
24032209
24032210
24032211
24032212
24032213
24032214
24032215
24032216
24032217
24032218
24032219
24032220
25032206
25032207
25032208
25032209
25032210
25032211
25032212
25032213
25032214
25032215
25032216
25032217
25032218
25032219
25032220
26032206
26032207
26032208
26032209
26032210
26032211
26032212
26032213
26032214
26032215
26032216
26032217
26032218
26032219
26032220
27032206
27032207
27032208
27032209
27032210
27032211
27032212
27032213
27032214
27032215
27032216
27032217
27032218
27032219
27032220
28032206
28032207
28032208
28032209
28032210
28032211
28032212
28032213
28032214
28032215
28032216
28032217
28032218
28032219
28032220
29032206
29032207
29032208
29032209
29032210
29032211
29032212
29032213
29032214
29032215
29032216
29032217
29032218
29032219
29032220
30032206
30032207
30032208
30032209
30032210
30032211
30032212
30032213
30032214
30032215
30032216
30032217
30032218
30032219
30032220
01042206
01042207
01042208
01042209
01042210
01042211
01042212
01042213
01042214
01042215
01042216
01042217
01042218
01042219
01042220
02042206
02042207
02042208
02042209
02042210
02042211
02042212
02042213
02042214
02042215
02042216
02042217
02042218
02042219
02042220
03042206
03042207
03042208
03042209
03042210
03042211
03042212
03042213
03042214
03042215
03042216
03042217
03042218
03042219
03042220
04042206
04042207
04042208
04042209
04042210
04042211
04042212
04042213
04042214
04042215
04042216
04042217
04042218
04042219
04042220
05042206
05042207
05042208
05042209
05042210
05042211
05042212
05042213
05042214
05042215
05042216
05042217
05042218
05042219
05042220
06042206
06042207
06042208
06042209
06042210
06042211
06042212
06042213
06042214
06042215
06042216
06042217
06042218
06042219
06042220
07042206
07042207
07042208
07042209
07042210
07042211
07042212
07042213
07042214
07042215
07042216
07042217
07042218
07042219
07042220
08042206
08042207
08042208
08042209
08042210
08042211
08042212
08042213
08042214
08042215
08042216
08042217
08042218
08042219
08042220
09042206
09042207
09042208
09042209
09042210
09042211
09042212
09042213
09042214
09042215
09042216
09042217
09042218
09042219
09042220
10042206
10042207
10042208
10042209
10042210
10042211
10042212
10042213
10042214
10042215
10042216
10042217
10042218
10042219
10042220
11042206
11042207
11042208
11042209
11042210
11042211
11042212
11042213
11042214
11042215
11042216
11042217
11042218
11042219
11042220
12042206
12042207
12042208
12042209
12042210
12042211
12042212
12042213
12042214
12042215
12042216
12042217
12042218
12042219
12042220
13042206
13042207
13042208
13042209
13042210
13042211
13042212
13042213
13042214
13042215
13042216
13042217
13042218
13042219
13042220
14042206
14042207
14042208
14042209
14042210
14042211
14042212
14042213
14042214
14042215
14042216
14042217
14042218
14042219
14042220
15042206
15042207
15042208
15042209
15042210
15042211
15042212
15042213
15042214
15042215
15042216
15042217
15042218
15042219
15042220
16042206
16042207
16042208
16042209
16042210
16042211
16042212
16042213
16042214
16042215
16042216
16042217
16042218
16042219
16042220
17042206
17042207
17042208
17042209
17042210
17042211
17042212
17042213
17042214
17042215
17042216
17042217
17042218
17042219
17042220
18042206
18042207
18042208
18042209
18042210
18042211
18042212
18042213
18042214
18042215
18042216
18042217
18042218
18042219
18042220
19042206
19042207
19042208
19042209
19042210
19042211
19042212
19042213
19042214
19042215
19042216
19042217
19042218
19042219
19042220
20042206
20042207
20042208
20042209
20042210
20042211
20042212
20042213
20042214
20042215
20042216
20042217
20042218
20042219
20042220
21042206
21042207
21042208
21042209
21042210
21042211
21042212
21042213
21042214
21042215
21042216
21042217
21042218
21042219
21042220
22042206
22042207
22042208
22042209
22042210
22042211
22042212
22042213
22042214
22042215
22042216
22042217
22042218
22042219
22042220
23042206
23042207
23042208
23042209
23042210
23042211
23042212
23042213
23042214
23042215
23042216
23042217
23042218
23042219
23042220
24042206
24042207
24042208
24042209
24042210
24042211
24042212
24042213
24042214
24042215
24042216
24042217
24042218
24042219
24042220
25042206
25042207
25042208
25042209
25042210
25042211
25042212
25042213
25042214
25042215
25042216
25042217
25042218
25042219
25042220
26042206
26042207
26042208
26042209
26042210
26042211
26042212
26042213
26042214
26042215
26042216
26042217
26042218
26042219
26042220
27042206
27042207
27042208
27042209
27042210
27042211
27042212
27042213
27042214
27042215
27042216
27042217
27042218
27042219
27042220
28042206
28042207
28042208
28042209
28042210
28042211
28042212
28042213
28042214
28042215
28042216
28042217
28042218
28042219
28042220
29042206
29042207
29042208
29042209
29042210
29042211
29042212
29042213
29042214
29042215
29042216
29042217
29042218
29042219
29042220
30042206
30042207
30042208
30042209
30042210
30042211
30042212
30042213
30042214
30042215
30042216
30042217
30042218
30042219
30042220
01052206
01052207
01052208
01052209
01052210
01052211
01052212
01052213
01052214
01052215
01052216
01052217
01052218
01052219
01052220
02052206
02052207
02052208
02052209
02052210
02052211
02052212
02052213
02052214
02052215
02052216
02052217
02052218
02052219
02052220
03052206
03052207
03052208
03052209
03052210
03052211
03052212
03052213
03052214
03052215
03052216
03052217
03052218
03052219
03052220
04052206
04052207
04052208
04052209
04052210
04052211
04052212
04052213
04052214
04052215
04052216
04052217
04052218
04052219
04052220
05052206
05052207
05052208
05052209
05052210
05052211
05052212
05052213
05052214
05052215
05052216
05052217
05052218
05052219
05052220
06052206
06052207
06052208
06052209
06052210
06052211
06052212
06052213
06052214
06052215
06052216
06052217
06052218
06052219
06052220
07052206
07052207
07052208
07052209
07052210
07052211
07052212
07052213
07052214
07052215
07052216
07052217
07052218
07052219
07052220
08052206
08052207
08052208
08052209
08052210
08052211
08052212
08052213
08052214
08052215
08052216
08052217
08052218
08052219
08052220
09052206
09052207
09052208
09052209
09052210
09052211
09052212
09052213
09052214
09052215
09052216
09052217
09052218
09052219
09052220
10052206
10052207
10052208
10052209
10052210
10052211
10052212
10052213
10052214
10052215
10052216
10052217
10052218
10052219
10052220
11052206
11052207
11052208
11052209
11052210
11052211
11052212
11052213
11052214
11052215
11052216
11052217
11052218
11052219
11052220
12052206
12052207
12052208
12052209
12052210
12052211
12052212
12052213
12052214
12052215
12052216
12052217
12052218
12052219
12052220
13052206
13052207
13052208
13052209
13052210
13052211
13052212
13052213
13052214
13052215
13052216
13052217
13052218
13052219
13052220
14052206
14052207
14052208
14052209
14052210
14052211
14052212
14052213
14052214
14052215
14052216
14052217
14052218
14052219
14052220
15052206
15052207
15052208
15052209
15052210
15052211
15052212
15052213
15052214
15052215
15052216
15052217
15052218
15052219
15052220
16052206
16052207
16052208
16052209
16052210
16052211
16052212
16052213
16052214
16052215
16052216
16052217
16052218
16052219
16052220
17052206
17052207
17052208
17052209
17052210
17052211
17052212
17052213
17052214
17052215
17052216
17052217
17052218
17052219
17052220
18052206
18052207
18052208
18052209
18052210
18052211
18052212
18052213
18052214
18052215
18052216
18052217
18052218
18052219
18052220
19052206
19052207
19052208
19052209
19052210
19052211
19052212
19052213
19052214
19052215
19052216
19052217
19052218
19052219
19052220
20052206
20052207
20052208
20052209
20052210
20052211
20052212
20052213
20052214
20052215
20052216
20052217
20052218
20052219
20052220
21052206
21052207
21052208
21052209
21052210
21052211
21052212
21052213
21052214
21052215
21052216
21052217
21052218
21052219
21052220
22052206
22052207
22052208
22052209
22052210
22052211
22052212
22052213
22052214
22052215
22052216
22052217
22052218
22052219
22052220
23052206
23052207
23052208
23052209
23052210
23052211
23052212
23052213
23052214
23052215
23052216
23052217
23052218
23052219
23052220
24052206
24052207
24052208
24052209
24052210
24052211
24052212
24052213
24052214
24052215
24052216
24052217
24052218
24052219
24052220
25052206
25052207
25052208
25052209
25052210
25052211
25052212
25052213
25052214
25052215
25052216
25052217
25052218
25052219
25052220
26052206
26052207
26052208
26052209
26052210
26052211
26052212
26052213
26052214
26052215
26052216
26052217
26052218
26052219
26052220
27052206
27052207
27052208
27052209
27052210
27052211
27052212
27052213
27052214
27052215
27052216
27052217
27052218
27052219
27052220
28052206
28052207
28052208
28052209
28052210
28052211
28052212
28052213
28052214
28052215
28052216
28052217
28052218
28052219
28052220
29052206
29052207
29052208
29052209
29052210
29052211
29052212
29052213
29052214
29052215
29052216
29052217
29052218
29052219
29052220
30052206
30052207
30052208
30052209
30052210
30052211
30052212
30052213
30052214
30052215
30052216
30052217
30052218
30052219
30052220
01062206
01062207
01062208
01062209
01062210
01062211
01062212
01062213
01062214
01062215
01062216
01062217
01062218
01062219
01062220
02062206
02062207
02062208
02062209
02062210
02062211
02062212
02062213
02062214
02062215
02062216
02062217
02062218
02062219
02062220
03062206
03062207
03062208
03062209
03062210
03062211
03062212
03062213
03062214
03062215
03062216
03062217
03062218
03062219
03062220
04062206
04062207
04062208
04062209
04062210
04062211
04062212
04062213
04062214
04062215
04062216
04062217
04062218
04062219
04062220
05062206
05062207
05062208
05062209
05062210
05062211
05062212
05062213
05062214
05062215
05062216
05062217
05062218
05062219
05062220
06062206
06062207
06062208
06062209
06062210
06062211
06062212
06062213
06062214
06062215
06062216
06062217
06062218
06062219
06062220
07062206
07062207
07062208
07062209
07062210
07062211
07062212
07062213
07062214
07062215
07062216
07062217
07062218
07062219
07062220
08062206
08062207
08062208
08062209
08062210
08062211
08062212
08062213
08062214
08062215
08062216
08062217
08062218
08062219
08062220
09062206
09062207
09062208
09062209
09062210
09062211
09062212
09062213
09062214
09062215
09062216
09062217
09062218
09062219
09062220
10062206
10062207
10062208
10062209
10062210
10062211
10062212
10062213
10062214
10062215
10062216
10062217
10062218
10062219
10062220
11062206
11062207
11062208
11062209
11062210
11062211
11062212
11062213
11062214
11062215
11062216
11062217
11062218
11062219
11062220
12062206
12062207
12062208
12062209
12062210
12062211
12062212
12062213
12062214
12062215
12062216
12062217
12062218
12062219
12062220
13062206
13062207
13062208
13062209
13062210
13062211
13062212
13062213
13062214
13062215
13062216
13062217
13062218
13062219
13062220
14062206
14062207
14062208
14062209
14062210
14062211
14062212
14062213
14062214
14062215
14062216
14062217
14062218
14062219
14062220
15062206
15062207
15062208
15062209
15062210
15062211
15062212
15062213
15062214
15062215
15062216
15062217
15062218
15062219
15062220
16062206
16062207
16062208
16062209
16062210
16062211
16062212
16062213
16062214
16062215
16062216
16062217
16062218
16062219
16062220
17062206
17062207
17062208
17062209
17062210
17062211
17062212
17062213
17062214
17062215
17062216
17062217
17062218
17062219
17062220
18062206
18062207
18062208
18062209
18062210
18062211
18062212
18062213
18062214
18062215
18062216
18062217
18062218
18062219
18062220
19062206
19062207
19062208
19062209
19062210
19062211
19062212
19062213
19062214
19062215
19062216
19062217
19062218
19062219
19062220
20062206
20062207
20062208
20062209
20062210
20062211
20062212
20062213
20062214
20062215
20062216
20062217
20062218
20062219
20062220
21062206
21062207
21062208
21062209
21062210
21062211
21062212
21062213
21062214
21062215
21062216
21062217
21062218
21062219
21062220
22062206
22062207
22062208
22062209
22062210
22062211
22062212
22062213
22062214
22062215
22062216
22062217
22062218
22062219
22062220
23062206
23062207
23062208
23062209
23062210
23062211
23062212
23062213
23062214
23062215
23062216
23062217
23062218
23062219
23062220
24062206
24062207
24062208
24062209
24062210
24062211
24062212
24062213
24062214
24062215
24062216
24062217
24062218
24062219
24062220
25062206
25062207
25062208
25062209
25062210
25062211
25062212
25062213
25062214
25062215
25062216
25062217
25062218
25062219
25062220
26062206
26062207
26062208
26062209
26062210
26062211
26062212
26062213
26062214
26062215
26062216
26062217
26062218
26062219
26062220
27062206
27062207
27062208
27062209
27062210
27062211
27062212
27062213
27062214
27062215
27062216
27062217
27062218
27062219
27062220
28062206
28062207
28062208
28062209
28062210
28062211
28062212
28062213
28062214
28062215
28062216
28062217
28062218
28062219
28062220
29062206
29062207
29062208
29062209
29062210
29062211
29062212
29062213
29062214
29062215
29062216
29062217
29062218
29062219
29062220
30062206
30062207
30062208
30062209
30062210
30062211
30062212
30062213
30062214
30062215
30062216
30062217
30062218
30062219
30062220
01072206
01072207
01072208
01072209
01072210
01072211
01072212
01072213
01072214
01072215
01072216
01072217
01072218
01072219
01072220
02072206
02072207
02072208
02072209
02072210
02072211
02072212
02072213
02072214
02072215
02072216
02072217
02072218
02072219
02072220
03072206
03072207
03072208
03072209
03072210
03072211
03072212
03072213
03072214
03072215
03072216
03072217
03072218
03072219
03072220
04072206
04072207
04072208
04072209
04072210
04072211
04072212
04072213
04072214
04072215
04072216
04072217
04072218
04072219
04072220
05072206
05072207
05072208
05072209
05072210
05072211
05072212
05072213
05072214
05072215
05072216
05072217
05072218
05072219
05072220
06072206
06072207
06072208
06072209
06072210
06072211
06072212
06072213
06072214
06072215
06072216
06072217
06072218
06072219
06072220
07072206
07072207
07072208
07072209
07072210
07072211
07072212
07072213
07072214
07072215
07072216
07072217
07072218
07072219
07072220
08072206
08072207
08072208
08072209
08072210
08072211
08072212
08072213
08072214
08072215
08072216
08072217
08072218
08072219
08072220
09072206
09072207
09072208
09072209
09072210
09072211
09072212
09072213
09072214
09072215
09072216
09072217
09072218
09072219
09072220
10072206
10072207
10072208
10072209
10072210
10072211
10072212
10072213
10072214
10072215
10072216
10072217
10072218
10072219
10072220
11072206
11072207
11072208
11072209
11072210
11072211
11072212
11072213
11072214
11072215
11072216
11072217
11072218
11072219
11072220
12072206
12072207
12072208
12072209
12072210
12072211
12072212
12072213
12072214
12072215
12072216
12072217
12072218
12072219
12072220
13072206
13072207
13072208
13072209
13072210
13072211
13072212
13072213
13072214
13072215
13072216
13072217
13072218
13072219
13072220
14072206
14072207
14072208
14072209
14072210
14072211
14072212
14072213
14072214
14072215
14072216
14072217
14072218
14072219
14072220
15072206
15072207
15072208
15072209
15072210
15072211
15072212
15072213
15072214
15072215
15072216
15072217
15072218
15072219
15072220
16072206
16072207
16072208
16072209
16072210
16072211
16072212
16072213
16072214
16072215
16072216
16072217
16072218
16072219
16072220
17072206
17072207
17072208
17072209
17072210
17072211
17072212
17072213
17072214
17072215
17072216
17072217
17072218
17072219
17072220
18072206
18072207
18072208
18072209
18072210
18072211
18072212
18072213
18072214
18072215
18072216
18072217
18072218
18072219
18072220
19072206
19072207
19072208
19072209
19072210
19072211
19072212
19072213
19072214
19072215
19072216
19072217
19072218
19072219
19072220
20072206
20072207
20072208
20072209
20072210
20072211
20072212
20072213
20072214
20072215
20072216
20072217
20072218
20072219
20072220
21072206
21072207
21072208
21072209
21072210
21072211
21072212
21072213
21072214
21072215
21072216
21072217
21072218
21072219
21072220
22072206
22072207
22072208
22072209
22072210
22072211
22072212
22072213
22072214
22072215
22072216
22072217
22072218
22072219
22072220
23072206
23072207
23072208
23072209
23072210
23072211
23072212
23072213
23072214
23072215
23072216
23072217
23072218
23072219
23072220
24072206
24072207
24072208
24072209
24072210
24072211
24072212
24072213
24072214
24072215
24072216
24072217
24072218
24072219
24072220
25072206
25072207
25072208
25072209
25072210
25072211
25072212
25072213
25072214
25072215
25072216
25072217
25072218
25072219
25072220
26072206
26072207
26072208
26072209
26072210
26072211
26072212
26072213
26072214
26072215
26072216
26072217
26072218
26072219
26072220
27072206
27072207
27072208
27072209
27072210
27072211
27072212
27072213
27072214
27072215
27072216
27072217
27072218
27072219
27072220
28072206
28072207
28072208
28072209
28072210
28072211
28072212
28072213
28072214
28072215
28072216
28072217
28072218
28072219
28072220
29072206
29072207
29072208
29072209
29072210
29072211
29072212
29072213
29072214
29072215
29072216
29072217
29072218
29072219
29072220
30072206
30072207
30072208
30072209
30072210
30072211
30072212
30072213
30072214
30072215
30072216
30072217
30072218
30072219
30072220
01082206
01082207
01082208
01082209
01082210
01082211
01082212
01082213
01082214
01082215
01082216
01082217
01082218
01082219
01082220
02082206
02082207
02082208
02082209
02082210
02082211
02082212
02082213
02082214
02082215
02082216
02082217
02082218
02082219
02082220
03082206
03082207
03082208
03082209
03082210
03082211
03082212
03082213
03082214
03082215
03082216
03082217
03082218
03082219
03082220
04082206
04082207
04082208
04082209
04082210
04082211
04082212
04082213
04082214
04082215
04082216
04082217
04082218
04082219
04082220
05082206
05082207
05082208
05082209
05082210
05082211
05082212
05082213
05082214
05082215
05082216
05082217
05082218
05082219
05082220
06082206
06082207
06082208
06082209
06082210
06082211
06082212
06082213
06082214
06082215
06082216
06082217
06082218
06082219
06082220
07082206
07082207
07082208
07082209
07082210
07082211
07082212
07082213
07082214
07082215
07082216
07082217
07082218
07082219
07082220
08082206
08082207
08082208
08082209
08082210
08082211
08082212
08082213
08082214
08082215
08082216
08082217
08082218
08082219
08082220
09082206
09082207
09082208
09082209
09082210
09082211
09082212
09082213
09082214
09082215
09082216
09082217
09082218
09082219
09082220
10082206
10082207
10082208
10082209
10082210
10082211
10082212
10082213
10082214
10082215
10082216
10082217
10082218
10082219
10082220
11082206
11082207
11082208
11082209
11082210
11082211
11082212
11082213
11082214
11082215
11082216
11082217
11082218
11082219
11082220
12082206
12082207
12082208
12082209
12082210
12082211
12082212
12082213
12082214
12082215
12082216
12082217
12082218
12082219
12082220
13082206
13082207
13082208
13082209
13082210
13082211
13082212
13082213
13082214
13082215
13082216
13082217
13082218
13082219
13082220
14082206
14082207
14082208
14082209
14082210
14082211
14082212
14082213
14082214
14082215
14082216
14082217
14082218
14082219
14082220
15082206
15082207
15082208
15082209
15082210
15082211
15082212
15082213
15082214
15082215
15082216
15082217
15082218
15082219
15082220
16082206
16082207
16082208
16082209
16082210
16082211
16082212
16082213
16082214
16082215
16082216
16082217
16082218
16082219
16082220
17082206
17082207
17082208
17082209
17082210
17082211
17082212
17082213
17082214
17082215
17082216
17082217
17082218
17082219
17082220
18082206
18082207
18082208
18082209
18082210
18082211
18082212
18082213
18082214
18082215
18082216
18082217
18082218
18082219
18082220
19082206
19082207
19082208
19082209
19082210
19082211
19082212
19082213
19082214
19082215
19082216
19082217
19082218
19082219
19082220
20082206
20082207
20082208
20082209
20082210
20082211
20082212
20082213
20082214
20082215
20082216
20082217
20082218
20082219
20082220
21082206
21082207
21082208
21082209
21082210
21082211
21082212
21082213
21082214
21082215
21082216
21082217
21082218
21082219
21082220
22082206
22082207
22082208
22082209
22082210
22082211
22082212
22082213
22082214
22082215
22082216
22082217
22082218
22082219
22082220
23082206
23082207
23082208
23082209
23082210
23082211
23082212
23082213
23082214
23082215
23082216
23082217
23082218
23082219
23082220
24082206
24082207
24082208
24082209
24082210
24082211
24082212
24082213
24082214
24082215
24082216
24082217
24082218
24082219
24082220
25082206
25082207
25082208
25082209
25082210
25082211
25082212
25082213
25082214
25082215
25082216
25082217
25082218
25082219
25082220
26082206
26082207
26082208
26082209
26082210
26082211
26082212
26082213
26082214
26082215
26082216
26082217
26082218
26082219
26082220
27082206
27082207
27082208
27082209
27082210
27082211
27082212
27082213
27082214
27082215
27082216
27082217
27082218
27082219
27082220
28082206
28082207
28082208
28082209
28082210
28082211
28082212
28082213
28082214
28082215
28082216
28082217
28082218
28082219
28082220
29082206
29082207
29082208
29082209
29082210
29082211
29082212
29082213
29082214
29082215
29082216
29082217
29082218
29082219
29082220
30082206
30082207
30082208
30082209
30082210
30082211
30082212
30082213
30082214
30082215
30082216
30082217
30082218
30082219
30082220
01092206
01092207
01092208
01092209
01092210
01092211
01092212
01092213
01092214
01092215
01092216
01092217
01092218
01092219
01092220
02092206
02092207
02092208
02092209
02092210
02092211
02092212
02092213
02092214
02092215
02092216
02092217
02092218
02092219
02092220
03092206
03092207
03092208
03092209
03092210
03092211
03092212
03092213
03092214
03092215
03092216
03092217
03092218
03092219
03092220
04092206
04092207
04092208
04092209
04092210
04092211
04092212
04092213
04092214
04092215
04092216
04092217
04092218
04092219
04092220
05092206
05092207
05092208
05092209
05092210
05092211
05092212
05092213
05092214
05092215
05092216
05092217
05092218
05092219
05092220
06092206
06092207
06092208
06092209
06092210
06092211
06092212
06092213
06092214
06092215
06092216
06092217
06092218
06092219
06092220
07092206
07092207
07092208
07092209
07092210
07092211
07092212
07092213
07092214
07092215
07092216
07092217
07092218
07092219
07092220
08092206
08092207
08092208
08092209
08092210
08092211
08092212
08092213
08092214
08092215
08092216
08092217
08092218
08092219
08092220
09092206
09092207
09092208
09092209
09092210
09092211
09092212
09092213
09092214
09092215
09092216
09092217
09092218
09092219
09092220
10092206
10092207
10092208
10092209
10092210
10092211
10092212
10092213
10092214
10092215
10092216
10092217
10092218
10092219
10092220
11092206
11092207
11092208
11092209
11092210
11092211
11092212
11092213
11092214
11092215
11092216
11092217
11092218
11092219
11092220
12092206
12092207
12092208
12092209
12092210
12092211
12092212
12092213
12092214
12092215
12092216
12092217
12092218
12092219
12092220
13092206
13092207
13092208
13092209
13092210
13092211
13092212
13092213
13092214
13092215
13092216
13092217
13092218
13092219
13092220
14092206
14092207
14092208
14092209
14092210
14092211
14092212
14092213
14092214
14092215
14092216
14092217
14092218
14092219
14092220
15092206
15092207
15092208
15092209
15092210
15092211
15092212
15092213
15092214
15092215
15092216
15092217
15092218
15092219
15092220
16092206
16092207
16092208
16092209
16092210
16092211
16092212
16092213
16092214
16092215
16092216
16092217
16092218
16092219
16092220
17092206
17092207
17092208
17092209
17092210
17092211
17092212
17092213
17092214
17092215
17092216
17092217
17092218
17092219
17092220
18092206
18092207
18092208
18092209
18092210
18092211
18092212
18092213
18092214
18092215
18092216
18092217
18092218
18092219
18092220
19092206
19092207
19092208
19092209
19092210
19092211
19092212
19092213
19092214
19092215
19092216
19092217
19092218
19092219
19092220
20092206
20092207
20092208
20092209
20092210
20092211
20092212
20092213
20092214
20092215
20092216
20092217
20092218
20092219
20092220
21092206
21092207
21092208
21092209
21092210
21092211
21092212
21092213
21092214
21092215
21092216
21092217
21092218
21092219
21092220
22092206
22092207
22092208
22092209
22092210
22092211
22092212
22092213
22092214
22092215
22092216
22092217
22092218
22092219
22092220
23092206
23092207
23092208
23092209
23092210
23092211
23092212
23092213
23092214
23092215
23092216
23092217
23092218
23092219
23092220
24092206
24092207
24092208
24092209
24092210
24092211
24092212
24092213
24092214
24092215
24092216
24092217
24092218
24092219
24092220
25092206
25092207
25092208
25092209
25092210
25092211
25092212
25092213
25092214
25092215
25092216
25092217
25092218
25092219
25092220
26092206
26092207
26092208
26092209
26092210
26092211
26092212
26092213
26092214
26092215
26092216
26092217
26092218
26092219
26092220
27092206
27092207
27092208
27092209
27092210
27092211
27092212
27092213
27092214
27092215
27092216
27092217
27092218
27092219
27092220
28092206
28092207
28092208
28092209
28092210
28092211
28092212
28092213
28092214
28092215
28092216
28092217
28092218
28092219
28092220
29092206
29092207
29092208
29092209
29092210
29092211
29092212
29092213
29092214
29092215
29092216
29092217
29092218
29092219
29092220
30092206
30092207
30092208
30092209
30092210
30092211
30092212
30092213
30092214
30092215
30092216
30092217
30092218
30092219
30092220
01102206
01102207
01102208
01102209
01102210
01102211
01102212
01102213
01102214
01102215
01102216
01102217
01102218
01102219
01102220
02102206
02102207
02102208
02102209
02102210
02102211
02102212
02102213
02102214
02102215
02102216
02102217
02102218
02102219
02102220
03102206
03102207
03102208
03102209
03102210
03102211
03102212
03102213
03102214
03102215
03102216
03102217
03102218
03102219
03102220
04102206
04102207
04102208
04102209
04102210
04102211
04102212
04102213
04102214
04102215
04102216
04102217
04102218
04102219
04102220
05102206
05102207
05102208
05102209
05102210
05102211
05102212
05102213
05102214
05102215
05102216
05102217
05102218
05102219
05102220
06102206
06102207
06102208
06102209
06102210
06102211
06102212
06102213
06102214
06102215
06102216
06102217
06102218
06102219
06102220
07102206
07102207
07102208
07102209
07102210
07102211
07102212
07102213
07102214
07102215
07102216
07102217
07102218
07102219
07102220
08102206
08102207
08102208
08102209
08102210
08102211
08102212
08102213
08102214
08102215
08102216
08102217
08102218
08102219
08102220
09102206
09102207
09102208
09102209
09102210
09102211
09102212
09102213
09102214
09102215
09102216
09102217
09102218
09102219
09102220
10102206
10102207
10102208
10102209
10102210
10102211
10102212
10102213
10102214
10102215
10102216
10102217
10102218
10102219
10102220
11102206
11102207
11102208
11102209
11102210
11102211
11102212
11102213
11102214
11102215
11102216
11102217
11102218
11102219
11102220
12102206
12102207
12102208
12102209
12102210
12102211
12102212
12102213
12102214
12102215
12102216
12102217
12102218
12102219
12102220
13102206
13102207
13102208
13102209
13102210
13102211
13102212
13102213
13102214
13102215
13102216
13102217
13102218
13102219
13102220
14102206
14102207
14102208
14102209
14102210
14102211
14102212
14102213
14102214
14102215
14102216
14102217
14102218
14102219
14102220
15102206
15102207
15102208
15102209
15102210
15102211
15102212
15102213
15102214
15102215
15102216
15102217
15102218
15102219
15102220
16102206
16102207
16102208
16102209
16102210
16102211
16102212
16102213
16102214
16102215
16102216
16102217
16102218
16102219
16102220
17102206
17102207
17102208
17102209
17102210
17102211
17102212
17102213
17102214
17102215
17102216
17102217
17102218
17102219
17102220
18102206
18102207
18102208
18102209
18102210
18102211
18102212
18102213
18102214
18102215
18102216
18102217
18102218
18102219
18102220
19102206
19102207
19102208
19102209
19102210
19102211
19102212
19102213
19102214
19102215
19102216
19102217
19102218
19102219
19102220
20102206
20102207
20102208
20102209
20102210
20102211
20102212
20102213
20102214
20102215
20102216
20102217
20102218
20102219
20102220
21102206
21102207
21102208
21102209
21102210
21102211
21102212
21102213
21102214
21102215
21102216
21102217
21102218
21102219
21102220
22102206
22102207
22102208
22102209
22102210
22102211
22102212
22102213
22102214
22102215
22102216
22102217
22102218
22102219
22102220
23102206
23102207
23102208
23102209
23102210
23102211
23102212
23102213
23102214
23102215
23102216
23102217
23102218
23102219
23102220
24102206
24102207
24102208
24102209
24102210
24102211
24102212
24102213
24102214
24102215
24102216
24102217
24102218
24102219
24102220
25102206
25102207
25102208
25102209
25102210
25102211
25102212
25102213
25102214
25102215
25102216
25102217
25102218
25102219
25102220
26102206
26102207
26102208
26102209
26102210
26102211
26102212
26102213
26102214
26102215
26102216
26102217
26102218
26102219
26102220
27102206
27102207
27102208
27102209
27102210
27102211
27102212
27102213
27102214
27102215
27102216
27102217
27102218
27102219
27102220
28102206
28102207
28102208
28102209
28102210
28102211
28102212
28102213
28102214
28102215
28102216
28102217
28102218
28102219
28102220
29102206
29102207
29102208
29102209
29102210
29102211
29102212
29102213
29102214
29102215
29102216
29102217
29102218
29102219
29102220
30102206
30102207
30102208
30102209
30102210
30102211
30102212
30102213
30102214
30102215
30102216
30102217
30102218
30102219
30102220
01112206
01112207
01112208
01112209
01112210
01112211
01112212
01112213
01112214
01112215
01112216
01112217
01112218
01112219
01112220
02112206
02112207
02112208
02112209
02112210
02112211
02112212
02112213
02112214
02112215
02112216
02112217
02112218
02112219
02112220
03112206
03112207
03112208
03112209
03112210
03112211
03112212
03112213
03112214
03112215
03112216
03112217
03112218
03112219
03112220
04112206
04112207
04112208
04112209
04112210
04112211
04112212
04112213
04112214
04112215
04112216
04112217
04112218
04112219
04112220
05112206
05112207
05112208
05112209
05112210
05112211
05112212
05112213
05112214
05112215
05112216
05112217
05112218
05112219
05112220
06112206
06112207
06112208
06112209
06112210
06112211
06112212
06112213
06112214
06112215
06112216
06112217
06112218
06112219
06112220
07112206
07112207
07112208
07112209
07112210
07112211
07112212
07112213
07112214
07112215
07112216
07112217
07112218
07112219
07112220
08112206
08112207
08112208
08112209
08112210
08112211
08112212
08112213
08112214
08112215
08112216
08112217
08112218
08112219
08112220
09112206
09112207
09112208
09112209
09112210
09112211
09112212
09112213
09112214
09112215
09112216
09112217
09112218
09112219
09112220
10112206
10112207
10112208
10112209
10112210
10112211
10112212
10112213
10112214
10112215
10112216
10112217
10112218
10112219
10112220
11112206
11112207
11112208
11112209
11112210
11112211
11112212
11112213
11112214
11112215
11112216
11112217
11112218
11112219
11112220
12112206
12112207
12112208
12112209
12112210
12112211
12112212
12112213
12112214
12112215
12112216
12112217
12112218
12112219
12112220
13112206
13112207
13112208
13112209
13112210
13112211
13112212
13112213
13112214
13112215
13112216
13112217
13112218
13112219
13112220
14112206
14112207
14112208
14112209
14112210
14112211
14112212
14112213
14112214
14112215
14112216
14112217
14112218
14112219
14112220
15112206
15112207
15112208
15112209
15112210
15112211
15112212
15112213
15112214
15112215
15112216
15112217
15112218
15112219
15112220
16112206
16112207
16112208
16112209
16112210
16112211
16112212
16112213
16112214
16112215
16112216
16112217
16112218
16112219
16112220
17112206
17112207
17112208
17112209
17112210
17112211
17112212
17112213
17112214
17112215
17112216
17112217
17112218
17112219
17112220
18112206
18112207
18112208
18112209
18112210
18112211
18112212
18112213
18112214
18112215
18112216
18112217
18112218
18112219
18112220
19112206
19112207
19112208
19112209
19112210
19112211
19112212
19112213
19112214
19112215
19112216
19112217
19112218
19112219
19112220
20112206
20112207
20112208
20112209
20112210
20112211
20112212
20112213
20112214
20112215
20112216
20112217
20112218
20112219
20112220
21112206
21112207
21112208
21112209
21112210
21112211
21112212
21112213
21112214
21112215
21112216
21112217
21112218
21112219
21112220
22112206
22112207
22112208
22112209
22112210
22112211
22112212
22112213
22112214
22112215
22112216
22112217
22112218
22112219
22112220
23112206
23112207
23112208
23112209
23112210
23112211
23112212
23112213
23112214
23112215
23112216
23112217
23112218
23112219
23112220
24112206
24112207
24112208
24112209
24112210
24112211
24112212
24112213
24112214
24112215
24112216
24112217
24112218
24112219
24112220
25112206
25112207
25112208
25112209
25112210
25112211
25112212
25112213
25112214
25112215
25112216
25112217
25112218
25112219
25112220
26112206
26112207
26112208
26112209
26112210
26112211
26112212
26112213
26112214
26112215
26112216
26112217
26112218
26112219
26112220
27112206
27112207
27112208
27112209
27112210
27112211
27112212
27112213
27112214
27112215
27112216
27112217
27112218
27112219
27112220
28112206
28112207
28112208
28112209
28112210
28112211
28112212
28112213
28112214
28112215
28112216
28112217
28112218
28112219
28112220
29112206
29112207
29112208
29112209
29112210
29112211
29112212
29112213
29112214
29112215
29112216
29112217
29112218
29112219
29112220
30112206
30112207
30112208
30112209
30112210
30112211
30112212
30112213
30112214
30112215
30112216
30112217
30112218
30112219
30112220
01122206
01122207
01122208
01122209
01122210
01122211
01122212
01122213
01122214
01122215
01122216
01122217
01122218
01122219
01122220
02122206
02122207
02122208
02122209
02122210
02122211
02122212
02122213
02122214
02122215
02122216
02122217
02122218
02122219
02122220
03122206
03122207
03122208
03122209
03122210
03122211
03122212
03122213
03122214
03122215
03122216
03122217
03122218
03122219
03122220
04122206
04122207
04122208
04122209
04122210
04122211
04122212
04122213
04122214
04122215
04122216
04122217
04122218
04122219
04122220
05122206
05122207
05122208
05122209
05122210
05122211
05122212
05122213
05122214
05122215
05122216
05122217
05122218
05122219
05122220
06122206
06122207
06122208
06122209
06122210
06122211
06122212
06122213
06122214
06122215
06122216
06122217
06122218
06122219
06122220
07122206
07122207
07122208
07122209
07122210
07122211
07122212
07122213
07122214
07122215
07122216
07122217
07122218
07122219
07122220
08122206
08122207
08122208
08122209
08122210
08122211
08122212
08122213
08122214
08122215
08122216
08122217
08122218
08122219
08122220
09122206
09122207
09122208
09122209
09122210
09122211
09122212
09122213
09122214
09122215
09122216
09122217
09122218
09122219
09122220
10122206
10122207
10122208
10122209
10122210
10122211
10122212
10122213
10122214
10122215
10122216
10122217
10122218
10122219
10122220
11122206
11122207
11122208
11122209
11122210
11122211
11122212
11122213
11122214
11122215
11122216
11122217
11122218
11122219
11122220
12122206
12122207
12122208
12122209
12122210
12122211
12122212
12122213
12122214
12122215
12122216
12122217
12122218
12122219
12122220
13122206
13122207
13122208
13122209
13122210
13122211
13122212
13122213
13122214
13122215
13122216
13122217
13122218
13122219
13122220
14122206
14122207
14122208
14122209
14122210
14122211
14122212
14122213
14122214
14122215
14122216
14122217
14122218
14122219
14122220
15122206
15122207
15122208
15122209
15122210
15122211
15122212
15122213
15122214
15122215
15122216
15122217
15122218
15122219
15122220
16122206
16122207
16122208
16122209
16122210
16122211
16122212
16122213
16122214
16122215
16122216
16122217
16122218
16122219
16122220
17122206
17122207
17122208
17122209
17122210
17122211
17122212
17122213
17122214
17122215
17122216
17122217
17122218
17122219
17122220
18122206
18122207
18122208
18122209
18122210
18122211
18122212
18122213
18122214
18122215
18122216
18122217
18122218
18122219
18122220
19122206
19122207
19122208
19122209
19122210
19122211
19122212
19122213
19122214
19122215
19122216
19122217
19122218
19122219
19122220
20122206
20122207
20122208
20122209
20122210
20122211
20122212
20122213
20122214
20122215
20122216
20122217
20122218
20122219
20122220
21122206
21122207
21122208
21122209
21122210
21122211
21122212
21122213
21122214
21122215
21122216
21122217
21122218
21122219
21122220
22122206
22122207
22122208
22122209
22122210
22122211
22122212
22122213
22122214
22122215
22122216
22122217
22122218
22122219
22122220
23122206
23122207
23122208
23122209
23122210
23122211
23122212
23122213
23122214
23122215
23122216
23122217
23122218
23122219
23122220
24122206
24122207
24122208
24122209
24122210
24122211
24122212
24122213
24122214
24122215
24122216
24122217
24122218
24122219
24122220
25122206
25122207
25122208
25122209
25122210
25122211
25122212
25122213
25122214
25122215
25122216
25122217
25122218
25122219
25122220
26122206
26122207
26122208
26122209
26122210
26122211
26122212
26122213
26122214
26122215
26122216
26122217
26122218
26122219
26122220
27122206
27122207
27122208
27122209
27122210
27122211
27122212
27122213
27122214
27122215
27122216
27122217
27122218
27122219
27122220
28122206
28122207
28122208
28122209
28122210
28122211
28122212
28122213
28122214
28122215
28122216
28122217
28122218
28122219
28122220
29122206
29122207
29122208
29122209
29122210
29122211
29122212
29122213
29122214
29122215
29122216
29122217
29122218
29122219
29122220
30122206
30122207
30122208
30122209
30122210
30122211
30122212
30122213
30122214
30122215
30122216
30122217
30122218
30122219
30122220
